-0.0339911 , -0.02630866,  0.04799198,  0.00862493,  0.60546403, 0.88157393, -0.43578233, -0.98301004, -0.66529095,  0.02553043


All - Actual	LinearRegression: -0.01464236, -0.00060241,  0.00389806,  0.00070437,  0.00477841, 0.01962354, -0.00533335, -0.00943356, -0.00667792,  0.00482272
All - Normalized	LinearRegression: -0.0339911 , -0.02630866,  0.04799198,  0.00862493,  0.60546403, 0.88157393, -0.43578233, -0.98301004, -0.66529095,  0.02553043
All - Actual	CrossValidationLinearRegression

-2.25671753e+04 -2.50634576e+04 -2.24218062e+04 -1.83625663e+04 -9.77800552e+03 -3.72712629e+03 -1.64036623e+03 -2.75230275e+02 -6.09319102e+00 -1.70599114e-01



-2.25671753e+04 -2.50634576e+04 -2.24218062e+04 -1.83625663e+04 -9.77800552e+03 -3.72712629e+03 -1.64036623e+03 -2.75230275e+02 -6.09319102e+00 -1.70599114e-01


-2.25671753e+04, -2.50634576e+04, -2.24218062e+04, -1.83625663e+04, -9.77800552e+03, -3.72712629e+03, -1.64036623e+03, -2.75230275e+02, -6.09319102e+00, -1.70599114e-01